f(x) = sin(x)
0.000000 0.000000
0.006283 0.006283
0.012566 0.012566
0.018850 0.018848
0.025133 0.025130
0.031416 0.031411
0.037699 0.037690
0.043982 0.043968
0.050265 0.050244
0.056549 0.056519
0.062832 0.062791
0.069115 0.069060
0.075398 0.075327
0.081681 0.081591
0.087965 0.087851
0.094248 0.094108
0.100531 0.100362
0.106814 0.106611
0.113097 0.112856
0.119381 0.119097
0.125664 0.125333
0.131947 0.131564
0.138230 0.137790
0.144513 0.144011
0.150796 0.150226
0.157080 0.156434
0.163363 0.162637
0.169646 0.168833
0.175929 0.175023
0.182212 0.181206
0.188496 0.187381
0.194779 0.193549
0.201062 0.199710
0.207345 0.205863
0.213628 0.212007
0.219911 0.218143
0.226195 0.224271
0.232478 0.230389
0.238761 0.236499
0.245044 0.242599
0.251327 0.248690
0.257611 0.254771
0.263894 0.260842
0.270177 0.266902
0.276460 0.272952
0.282743 0.278991
0.289027 0.285019
0.295310 0.291036
0.301593 0.297042
0.307876 0.303035
0.314159 0.309017
0.320442 0.314987
0.326726 0.320944
0.333009 0.326888
0.339292 0.332820
0.345575 0.338738
0.351858 0.344643
0.358142 0.350534
0.364425 0.356412
0.370708 0.362275
0.376991 0.368125
0.383274 0.373959
0.389557 0.379779
0.395841 0.385584
0.402124 0.391374
0.408407 0.397148
0.414690 0.402906
0.420973 0.408649
0.427257 0.414376
0.433540 0.420086
0.439823 0.425779
0.446106 0.431456
0.452389 0.437116
0.458673 0.442758
0.464956 0.448383
0.471239 0.453990
0.477522 0.459580
0.483805 0.465151
0.490088 0.470704
0.496372 0.476238
0.502655 0.481754
0.508938 0.487250
0.515221 0.492727
0.521504 0.498185
0.527788 0.503623
0.534071 0.509041
0.540354 0.514440
0.546637 0.519817
0.552920 0.525175
0.559203 0.530511
0.565487 0.535827
0.571770 0.541121
0.578053 0.546394
0.584336 0.551646
0.590619 0.556876
0.596903 0.562083
0.603186 0.567269
0.609469 0.572432
0.615752 0.577573
0.622035 0.582690
0.628319 0.587785
0.634602 0.592857
0.640885 0.597905
0.647168 0.602930
0.653451 0.607930
0.659734 0.612907
0.666018 0.617860
0.672301 0.622788
0.678584 0.627691
0.684867 0.632570
0.691150 0.637424
0.697434 0.642253
0.703717 0.647056
0.710000 0.651834
0.716283 0.656586
0.722566 0.661312
0.728849 0.666012
0.735133 0.670686
0.741416 0.675333
0.747699 0.679953
0.753982 0.684547
0.760265 0.689114
0.766549 0.693653
0.772832 0.698165
0.779115 0.702650
0.785398 0.707107
0.791681 0.711536
0.797965 0.715936
0.804248 0.720309
0.810531 0.724653
0.816814 0.728969
0.823097 0.733255
0.829380 0.737513
0.835664 0.741742
0.841947 0.745941
0.848230 0.750111
0.854513 0.754251
0.860796 0.758362
0.867080 0.762443
0.873363 0.766493
0.879646 0.770513
0.885929 0.774503
0.892212 0.778462
0.898495 0.782391
0.904779 0.786288
0.911062 0.790155
0.917345 0.793990
0.923628 0.797794
0.929911 0.801567
0.936195 0.805308
0.942478 0.809017
0.948761 0.812694
0.955044 0.816339
0.961327 0.819952
0.967611 0.823533
0.973894 0.827081
0.980177 0.830596
0.986460 0.834078
0.992743 0.837528
0.999026 0.840945
1.005310 0.844328
1.011593 0.847678
1.017876 0.850994
1.024159 0.854277
1.030442 0.857527
1.036726 0.860742
1.043009 0.863923
1.049292 0.867071
1.055575 0.870184
1.061858 0.873262
1.068142 0.876307
1.074425 0.879316
1.080708 0.882291
1.086991 0.885231
1.093274 0.888136
1.099557 0.891007
1.105841 0.893841
1.112124 0.896641
1.118407 0.899405
1.124690 0.902134
1.130973 0.904827
1.137257 0.907484
1.143540 0.910106
1.149823 0.912692
1.156106 0.915241
1.162389 0.917755
1.168672 0.920232
1.174956 0.922673
1.181239 0.925077
1.187522 0.927445
1.193805 0.929776
1.200088 0.932071
1.206372 0.934329
1.212655 0.936550
1.218938 0.938734
1.225221 0.940881
1.231504 0.942991
1.237788 0.945063
1.244071 0.947098
1.250354 0.949096
1.256637 0.951057
1.262920 0.952979
1.269203 0.954865
1.275487 0.956712
1.281770 0.958522
1.288053 0.960294
1.294336 0.962028
1.300619 0.963724
1.306903 0.965382
1.313186 0.967001
1.319469 0.968583
1.325752 0.970127
1.332035 0.971632
1.338318 0.973099
1.344602 0.974527
1.350885 0.975917
1.357168 0.977268
1.363451 0.978581
1.369734 0.979855
1.376018 0.981091
1.382301 0.982287
1.388584 0.983445
1.394867 0.984564
1.401150 0.985645
1.407434 0.986686
1.413717 0.987688
1.420000 0.988652
1.426283 0.989576
1.432566 0.990461
1.438849 0.991308
1.445133 0.992115
1.451416 0.992883
1.457699 0.993611
1.463982 0.994301
1.470265 0.994951
1.476549 0.995562
1.482832 0.996134
1.489115 0.996666
1.495398 0.997159
1.501681 0.997613
1.507964 0.998027
1.514248 0.998402
1.520531 0.998737
1.526814 0.999033
1.533097 0.999289
1.539380 0.999507
1.545664 0.999684
1.551947 0.999822
1.558230 0.999921
1.564513 0.999980
1.570796 1.000000
1.577080 0.999980
1.583363 0.999921
1.589646 0.999822
1.595929 0.999684
1.602212 0.999507
1.608495 0.999289
1.614779 0.999033
1.621062 0.998737
1.627345 0.998402
1.633628 0.998027
1.639911 0.997613
1.646195 0.997159
1.652478 0.996666
1.658761 0.996134
1.665044 0.995562
1.671327 0.994951
1.677610 0.994301
1.683894 0.993611
1.690177 0.992883
1.696460 0.992115
1.702743 0.991308
1.709026 0.990461
1.715310 0.989576
1.721593 0.988652
1.727876 0.987688
1.734159 0.986686
1.740442 0.985645
1.746726 0.984564
1.753009 0.983445
1.759292 0.982287
1.765575 0.981091
1.771858 0.979855
1.778141 0.978581
1.784425 0.977268
1.790708 0.975917
1.796991 0.974527
1.803274 0.973099
1.809557 0.971632
1.815841 0.970127
1.822124 0.968583
1.828407 0.967001
1.834690 0.965382
1.840973 0.963724
1.847256 0.962028
1.853540 0.960294
1.859823 0.958522
1.866106 0.956712
1.872389 0.954865
1.878672 0.952979
1.884956 0.951057
1.891239 0.949096
1.897522 0.947098
1.903805 0.945063
1.910088 0.942991
1.916372 0.940881
1.922655 0.938734
1.928938 0.936550
1.935221 0.934329
1.941504 0.932071
1.947787 0.929776
1.954071 0.927445
1.960354 0.925077
1.966637 0.922673
1.972920 0.920232
1.979203 0.917755
1.985487 0.915241
1.991770 0.912692
1.998053 0.910106
2.004336 0.907484
2.010619 0.904827
2.016902 0.902134
2.023186 0.899405
2.029469 0.896641
2.035752 0.893841
2.042035 0.891007
2.048318 0.888136
2.054602 0.885231
2.060885 0.882291
2.067168 0.879316
2.073451 0.876307
2.079734 0.873262
2.086018 0.870184
2.092301 0.867071
2.098584 0.863923
2.104867 0.860742
2.111150 0.857527
2.117433 0.854277
2.123717 0.850994
2.130000 0.847678
2.136283 0.844328
2.142566 0.840945
2.148849 0.837528
2.155133 0.834078
2.161416 0.830596
2.167699 0.827081
2.173982 0.823533
2.180265 0.819952
2.186548 0.816339
2.192832 0.812694
2.199115 0.809017
2.205398 0.805308
2.211681 0.801567
2.217964 0.797794
2.224248 0.793990
2.230531 0.790155
2.236814 0.786288
2.243097 0.782391
2.249380 0.778462
2.255664 0.774503
2.261947 0.770513
2.268230 0.766493
2.274513 0.762443
2.280796 0.758362
2.287079 0.754251
2.293363 0.750111
2.299646 0.745941
2.305929 0.741742
2.312212 0.737513
2.318495 0.733255
2.324779 0.728969
2.331062 0.724653
2.337345 0.720309
2.343628 0.715936
2.349911 0.711536
2.356194 0.707107
2.362478 0.702650
2.368761 0.698165
2.375044 0.693653
2.381327 0.689114
2.387610 0.684547
2.393894 0.679953
2.400177 0.675333
2.406460 0.670686
2.412743 0.666012
2.419026 0.661312
2.425310 0.656586
2.431593 0.651834
2.437876 0.647056
2.444159 0.642253
2.450442 0.637424
2.456725 0.632570
2.463009 0.627691
2.469292 0.622788
2.475575 0.617860
2.481858 0.612907
2.488141 0.607930
2.494425 0.602930
2.500708 0.597905
2.506991 0.592857
2.513274 0.587785
2.519557 0.582690
2.525840 0.577573
2.532124 0.572432
2.538407 0.567269
2.544690 0.562083
2.550973 0.556876
2.557256 0.551646
2.563540 0.546394
2.569823 0.541121
2.576106 0.535827
2.582389 0.530511
2.588672 0.525175
2.594956 0.519817
2.601239 0.514440
2.607522 0.509041
2.613805 0.503623
2.620088 0.498185
2.626371 0.492727
2.632655 0.487250
2.638938 0.481754
2.645221 0.476238
2.651504 0.470704
2.657787 0.465151
2.664071 0.459580
2.670354 0.453990
2.676637 0.448383
2.682920 0.442758
2.689203 0.437116
2.695486 0.431456
2.701770 0.425779
2.708053 0.420086
2.714336 0.414376
2.720619 0.408649
2.726902 0.402906
2.733186 0.397148
2.739469 0.391374
2.745752 0.385584
2.752035 0.379779
2.758318 0.373959
2.764602 0.368125
2.770885 0.362275
2.777168 0.356412
2.783451 0.350534
2.789734 0.344643
2.796017 0.338738
2.802301 0.332820
2.808584 0.326888
2.814867 0.320944
2.821150 0.314987
2.827433 0.309017
2.833717 0.303035
2.840000 0.297042
2.846283 0.291036
2.852566 0.285019
2.858849 0.278991
2.865133 0.272952
2.871416 0.266902
2.877699 0.260842
2.883982 0.254771
2.890265 0.248690
2.896548 0.242599
2.902832 0.236499
2.909115 0.230389
2.915398 0.224271
2.921681 0.218143
2.927964 0.212007
2.934248 0.205863
2.940531 0.199710
2.946814 0.193549
2.953097 0.187381
2.959380 0.181206
2.965663 0.175023
2.971947 0.168833
2.978230 0.162637
2.984513 0.156434
2.990796 0.150226
2.997079 0.144011
3.003363 0.137790
3.009646 0.131564
3.015929 0.125333
3.022212 0.119097
3.028495 0.112856
3.034779 0.106611
3.041062 0.100362
3.047345 0.094108
3.053628 0.087851
3.059911 0.081591
3.066194 0.075327
3.072478 0.069060
3.078761 0.062791
3.085044 0.056519
3.091327 0.050244
3.097610 0.043968
3.103894 0.037690
3.110177 0.031411
3.116460 0.025130
3.122743 0.018848
3.129026 0.012566
3.135309 0.006283
3.141593 0.000000
3.147876 -0.006283
3.154159 -0.012566
3.160442 -0.018848
3.166725 -0.025130
3.173009 -0.031411
3.179292 -0.037690
3.185575 -0.043968
3.191858 -0.050244
3.198141 -0.056519
3.204425 -0.062791
3.210708 -0.069060
3.216991 -0.075327
3.223274 -0.081591
3.229557 -0.087851
3.235840 -0.094108
3.242124 -0.100362
3.248407 -0.106611
3.254690 -0.112856
3.260973 -0.119097
3.267256 -0.125333
3.273540 -0.131564
3.279823 -0.137790
3.286106 -0.144011
3.292389 -0.150226
3.298672 -0.156434
3.304955 -0.162637
3.311239 -0.168833
3.317522 -0.175023
3.323805 -0.181206
3.330088 -0.187381
3.336371 -0.193549
3.342655 -0.199710
3.348938 -0.205863
3.355221 -0.212007
3.361504 -0.218143
3.367787 -0.224271
3.374071 -0.230389
3.380354 -0.236499
3.386637 -0.242599
3.392920 -0.248690
3.399203 -0.254771
3.405486 -0.260842
3.411770 -0.266902
3.418053 -0.272952
3.424336 -0.278991
3.430619 -0.285019
3.436902 -0.291036
3.443186 -0.297042
3.449469 -0.303035
3.455752 -0.309017
3.462035 -0.314987
3.468318 -0.320944
3.474601 -0.326888
3.480885 -0.332820
3.487168 -0.338738
3.493451 -0.344643
3.499734 -0.350534
3.506017 -0.356412
3.512301 -0.362275
3.518584 -0.368125
3.524867 -0.373959
3.531150 -0.379779
3.537433 -0.385584
3.543717 -0.391374
3.550000 -0.397148
3.556283 -0.402906
3.562566 -0.408649
3.568849 -0.414376
3.575132 -0.420086
3.581416 -0.425779
3.587699 -0.431456
3.593982 -0.437116
3.600265 -0.442758
3.606548 -0.448383
3.612832 -0.453990
3.619115 -0.459580
3.625398 -0.465151
3.631681 -0.470704
3.637964 -0.476238
3.644247 -0.481754
3.650531 -0.487250
3.656814 -0.492727
3.663097 -0.498185
3.669380 -0.503623
3.675663 -0.509041
3.681947 -0.514440
3.688230 -0.519817
3.694513 -0.525175
3.700796 -0.530511
3.707079 -0.535827
3.713363 -0.541121
3.719646 -0.546394
3.725929 -0.551646
3.732212 -0.556876
3.738495 -0.562083
3.744778 -0.567269
3.751062 -0.572432
3.757345 -0.577573
3.763628 -0.582690
3.769911 -0.587785
3.776194 -0.592857
3.782478 -0.597905
3.788761 -0.602930
3.795044 -0.607930
3.801327 -0.612907
3.807610 -0.617860
3.813893 -0.622788
3.820177 -0.627691
3.826460 -0.632570
3.832743 -0.637424
3.839026 -0.642253
3.845309 -0.647056
3.851593 -0.651834
3.857876 -0.656586
3.864159 -0.661312
3.870442 -0.666012
3.876725 -0.670686
3.883009 -0.675333
3.889292 -0.679953
3.895575 -0.684547
3.901858 -0.689114
3.908141 -0.693653
3.914424 -0.698165
3.920708 -0.702650
3.926991 -0.707107
3.933274 -0.711536
3.939557 -0.715936
3.945840 -0.720309
3.952124 -0.724653
3.958407 -0.728969
3.964690 -0.733255
3.970973 -0.737513
3.977256 -0.741742
3.983539 -0.745941
3.989823 -0.750111
3.996106 -0.754251
4.002389 -0.758362
4.008672 -0.762443
4.014955 -0.766493
4.021239 -0.770513
4.027522 -0.774503
4.033805 -0.778462
4.040088 -0.782391
4.046371 -0.786288
4.052655 -0.790155
4.058938 -0.793990
4.065221 -0.797794
4.071504 -0.801567
4.077787 -0.805308
4.084070 -0.809017
4.090354 -0.812694
4.096637 -0.816339
4.102920 -0.819952
4.109203 -0.823533
4.115486 -0.827081
4.121770 -0.830596
4.128053 -0.834078
4.134336 -0.837528
4.140619 -0.840945
4.146902 -0.844328
4.153185 -0.847678
4.159469 -0.850994
4.165752 -0.854277
4.172035 -0.857527
4.178318 -0.860742
4.184601 -0.863923
4.190885 -0.867071
4.197168 -0.870184
4.203451 -0.873262
4.209734 -0.876307
4.216017 -0.879316
4.222301 -0.882291
4.228584 -0.885231
4.234867 -0.888136
4.241150 -0.891007
4.247433 -0.893841
4.253716 -0.896641
4.260000 -0.899405
4.266283 -0.902134
4.272566 -0.904827
4.278849 -0.907484
4.285132 -0.910106
4.291416 -0.912692
4.297699 -0.915241
4.303982 -0.917755
4.310265 -0.920232
4.316548 -0.922673
4.322831 -0.925077
4.329115 -0.927445
4.335398 -0.929776
4.341681 -0.932071
4.347964 -0.934329
4.354247 -0.936550
4.360531 -0.938734
4.366814 -0.940881
4.373097 -0.942991
4.379380 -0.945063
4.385663 -0.947098
4.391947 -0.949096
4.398230 -0.951057
4.404513 -0.952979
4.410796 -0.954865
4.417079 -0.956712
4.423362 -0.958522
4.429646 -0.960294
4.435929 -0.962028
4.442212 -0.963724
4.448495 -0.965382
4.454778 -0.967001
4.461062 -0.968583
4.467345 -0.970127
4.473628 -0.971632
4.479911 -0.973099
4.486194 -0.974527
4.492477 -0.975917
4.498761 -0.977268
4.505044 -0.978581
4.511327 -0.979855
4.517610 -0.981091
4.523893 -0.982287
4.530177 -0.983445
4.536460 -0.984564
4.542743 -0.985645
4.549026 -0.986686
4.555309 -0.987688
4.561593 -0.988652
4.567876 -0.989576
4.574159 -0.990461
4.580442 -0.991308
4.586725 -0.992115
4.593008 -0.992883
4.599292 -0.993611
4.605575 -0.994301
4.611858 -0.994951
4.618141 -0.995562
4.624424 -0.996134
4.630708 -0.996666
4.636991 -0.997159
4.643274 -0.997613
4.649557 -0.998027
4.655840 -0.998402
4.662123 -0.998737
4.668407 -0.999033
4.674690 -0.999289
4.680973 -0.999507
4.687256 -0.999684
4.693539 -0.999822
4.699823 -0.999921
4.706106 -0.999980
4.712389 -1.000000
4.718672 -0.999980
4.724955 -0.999921
4.731239 -0.999822
4.737522 -0.999684
4.743805 -0.999507
4.750088 -0.999289
4.756371 -0.999033
4.762654 -0.998737
4.768938 -0.998402
4.775221 -0.998027
4.781504 -0.997613
4.787787 -0.997159
4.794070 -0.996666
4.800354 -0.996134
4.806637 -0.995562
4.812920 -0.994951
4.819203 -0.994301
4.825486 -0.993611
4.831770 -0.992883
4.838053 -0.992115
4.844336 -0.991308
4.850619 -0.990461
4.856902 -0.989576
4.863185 -0.988652
4.869469 -0.987688
4.875752 -0.986686
4.882035 -0.985645
4.888318 -0.984564
4.894601 -0.983445
4.900885 -0.982287
4.907168 -0.981091
4.913451 -0.979855
4.919734 -0.978581
4.926017 -0.977268
4.932300 -0.975917
4.938584 -0.974527
4.944867 -0.973099
4.951150 -0.971632
4.957433 -0.970127
4.963716 -0.968583
4.970000 -0.967001
4.976283 -0.965382
4.982566 -0.963724
4.988849 -0.962028
4.995132 -0.960294
5.001416 -0.958522
5.007699 -0.956712
5.013982 -0.954865
5.020265 -0.952979
5.026548 -0.951057
5.032831 -0.949096
5.039115 -0.947098
5.045398 -0.945063
5.051681 -0.942991
5.057964 -0.940881
5.064247 -0.938734
5.070531 -0.936550
5.076814 -0.934329
5.083097 -0.932071
5.089380 -0.929776
5.095663 -0.927445
5.101946 -0.925077
5.108230 -0.922673
5.114513 -0.920232
5.120796 -0.917755
5.127079 -0.915241
5.133362 -0.912692
5.139646 -0.910106
5.145929 -0.907484
5.152212 -0.904827
5.158495 -0.902134
5.164778 -0.899405
5.171062 -0.896641
5.177345 -0.893841
5.183628 -0.891007
5.189911 -0.888136
5.196194 -0.885231
5.202477 -0.882291
5.208761 -0.879316
5.215044 -0.876307
5.221327 -0.873262
5.227610 -0.870184
5.233893 -0.867071
5.240177 -0.863923
5.246460 -0.860742
5.252743 -0.857527
5.259026 -0.854277
5.265309 -0.850994
5.271592 -0.847678
5.277876 -0.844328
5.284159 -0.840945
5.290442 -0.837528
5.296725 -0.834078
5.303008 -0.830596
5.309292 -0.827081
5.315575 -0.823533
5.321858 -0.819952
5.328141 -0.816339
5.334424 -0.812694
5.340708 -0.809017
5.346991 -0.805308
5.353274 -0.801567
5.359557 -0.797794
5.365840 -0.793990
5.372123 -0.790155
5.378407 -0.786288
5.384690 -0.782391
5.390973 -0.778462
5.397256 -0.774503
5.403539 -0.770513
5.409823 -0.766493
5.416106 -0.762443
5.422389 -0.758362
5.428672 -0.754251
5.434955 -0.750111
5.441238 -0.745941
5.447522 -0.741742
5.453805 -0.737513
5.460088 -0.733255
5.466371 -0.728969
5.472654 -0.724653
5.478938 -0.720309
5.485221 -0.715936
5.491504 -0.711536
5.497787 -0.707107
5.504070 -0.702650
5.510354 -0.698165
5.516637 -0.693653
5.522920 -0.689114
5.529203 -0.684547
5.535486 -0.679953
5.541769 -0.675333
5.548053 -0.670686
5.554336 -0.666012
5.560619 -0.661312
5.566902 -0.656586
5.573185 -0.651834
5.579469 -0.647056
5.585752 -0.642253
5.592035 -0.637424
5.598318 -0.632570
5.604601 -0.627691
5.610884 -0.622788
5.617168 -0.617860
5.623451 -0.612907
5.629734 -0.607930
5.636017 -0.602930
5.642300 -0.597905
5.648584 -0.592857
5.654867 -0.587785
5.661150 -0.582690
5.667433 -0.577573
5.673716 -0.572432
5.680000 -0.567269
5.686283 -0.562083
5.692566 -0.556876
5.698849 -0.551646
5.705132 -0.546394
5.711415 -0.541121
5.717699 -0.535827
5.723982 -0.530511
5.730265 -0.525175
5.736548 -0.519817
5.742831 -0.514440
5.749115 -0.509041
5.755398 -0.503623
5.761681 -0.498185
5.767964 -0.492727
5.774247 -0.487250
5.780530 -0.481754
5.786814 -0.476238
5.793097 -0.470704
5.799380 -0.465151
5.805663 -0.459580
5.811946 -0.453990
5.818230 -0.448383
5.824513 -0.442758
5.830796 -0.437116
5.837079 -0.431456
5.843362 -0.425779
5.849646 -0.420086
5.855929 -0.414376
5.862212 -0.408649
5.868495 -0.402906
5.874778 -0.397148
5.881061 -0.391374
5.887345 -0.385584
5.893628 -0.379779
5.899911 -0.373959
5.906194 -0.368125
5.912477 -0.362275
5.918761 -0.356412
5.925044 -0.350534
5.931327 -0.344643
5.937610 -0.338738
5.943893 -0.332820
5.950176 -0.326888
5.956460 -0.320944
5.962743 -0.314987
5.969026 -0.309017
5.975309 -0.303035
5.981592 -0.297042
5.987876 -0.291036
5.994159 -0.285019
6.000442 -0.278991
6.006725 -0.272952
6.013008 -0.266902
6.019292 -0.260842
6.025575 -0.254771
6.031858 -0.248690
6.038141 -0.242599
6.044424 -0.236499
6.050707 -0.230389
6.056991 -0.224271
6.063274 -0.218143
6.069557 -0.212007
6.075840 -0.205863
6.082123 -0.199710
6.088407 -0.193549
6.094690 -0.187381
6.100973 -0.181206
6.107256 -0.175023
6.113539 -0.168833
6.119822 -0.162637
6.126106 -0.156434
6.132389 -0.150226
6.138672 -0.144011
6.144955 -0.137790
6.151238 -0.131564
6.157522 -0.125333
6.163805 -0.119097
6.170088 -0.112856
6.176371 -0.106611
6.182654 -0.100362
6.188938 -0.094108
6.195221 -0.087851
6.201504 -0.081591
6.207787 -0.075327
6.214070 -0.069060
6.220353 -0.062791
6.226637 -0.056519
6.232920 -0.050244
6.239203 -0.043968
6.245486 -0.037690
6.251769 -0.031411
6.258053 -0.025130
6.264336 -0.018848
6.270619 -0.012566
6.276902 -0.006283
f(x) = sin(x) w/ neural network
0.000000 0.008975
0.006283 0.015007
0.012566 0.021037
0.018850 0.027065
0.025133 0.033089
0.031416 0.039110
0.037699 0.045128
0.043982 0.051143
0.050265 0.057154
0.056549 0.063162
0.062832 0.069167
0.069115 0.075168
0.075398 0.081165
0.081681 0.087159
0.087965 0.093148
0.094248 0.099134
0.100531 0.105115
0.106814 0.111093
0.113097 0.117065
0.119381 0.123034
0.125664 0.128997
0.131947 0.134956
0.138230 0.140911
0.144513 0.146860
0.150796 0.152804
0.157080 0.158743
0.163363 0.164677
0.169646 0.170606
0.175929 0.176529
0.182212 0.182446
0.188496 0.188357
0.194779 0.194263
0.201062 0.200163
0.207345 0.206056
0.213628 0.211943
0.219911 0.217824
0.226195 0.223698
0.232478 0.229566
0.238761 0.235426
0.245044 0.241280
0.251327 0.247127
0.257611 0.252966
0.263894 0.258799
0.270177 0.264623
0.276460 0.270440
0.282743 0.276249
0.289027 0.282051
0.295310 0.287844
0.301593 0.293629
0.307876 0.299406
0.314159 0.305174
0.320442 0.310933
0.326726 0.316684
0.333009 0.322425
0.339292 0.328158
0.345575 0.333881
0.351858 0.339594
0.358142 0.345298
0.364425 0.350993
0.370708 0.356677
0.376991 0.362351
0.383274 0.368015
0.389557 0.373669
0.395841 0.379312
0.402124 0.384944
0.408407 0.390565
0.414690 0.396175
0.420973 0.401773
0.427257 0.407361
0.433540 0.412936
0.439823 0.418500
0.446106 0.424052
0.452389 0.429591
0.458673 0.435118
0.464956 0.440633
0.471239 0.446135
0.477522 0.451623
0.483805 0.457099
0.490088 0.462562
0.496372 0.468010
0.502655 0.473446
0.508938 0.478867
0.515221 0.484274
0.521504 0.489667
0.527788 0.495045
0.534071 0.500409
0.540354 0.505758
0.546637 0.511091
0.552920 0.516409
0.559203 0.521712
0.565487 0.526999
0.571770 0.532270
0.578053 0.537525
0.584336 0.542764
0.590619 0.547986
0.596903 0.553191
0.603186 0.558380
0.609469 0.563551
0.615752 0.568704
0.622035 0.573840
0.628319 0.578958
0.634602 0.584058
0.640885 0.589140
0.647168 0.594203
0.653451 0.599247
0.659734 0.604272
0.666018 0.609278
0.672301 0.614264
0.678584 0.619231
0.684867 0.624178
0.691150 0.629105
0.697434 0.634011
0.703717 0.638896
0.710000 0.643761
0.716283 0.648605
0.722566 0.653427
0.728849 0.658227
0.735133 0.663006
0.741416 0.667763
0.747699 0.672497
0.753982 0.677209
0.760265 0.681897
0.766549 0.686563
0.772832 0.691206
0.779115 0.695825
0.785398 0.700420
0.791681 0.704990
0.797965 0.709537
0.804248 0.714059
0.810531 0.718556
0.816814 0.723028
0.823097 0.727475
0.829380 0.731896
0.835664 0.736291
0.841947 0.740661
0.848230 0.745003
0.854513 0.749319
0.860796 0.753609
0.867080 0.757871
0.873363 0.762105
0.879646 0.766312
0.885929 0.770491
0.892212 0.774642
0.898495 0.778764
0.904779 0.782858
0.911062 0.786923
0.917345 0.790958
0.923628 0.794964
0.929911 0.798940
0.936195 0.802887
0.942478 0.806802
0.948761 0.810688
0.955044 0.814542
0.961327 0.818366
0.967611 0.822158
0.973894 0.825918
0.980177 0.829647
0.986460 0.833343
0.992743 0.837007
0.999026 0.840639
1.005310 0.844238
1.011593 0.847803
1.017876 0.851335
1.024159 0.854834
1.030442 0.858298
1.036726 0.861728
1.043009 0.865124
1.049292 0.868486
1.055575 0.871812
1.061858 0.875103
1.068142 0.878359
1.074425 0.881579
1.080708 0.884763
1.086991 0.887911
1.093274 0.891022
1.099557 0.894097
1.105841 0.897135
1.112124 0.900136
1.118407 0.903099
1.124690 0.906025
1.130973 0.908913
1.137257 0.911763
1.143540 0.914575
1.149823 0.917348
1.156106 0.920082
1.162389 0.922778
1.168672 0.925434
1.174956 0.928051
1.181239 0.930628
1.187522 0.933165
1.193805 0.935662
1.200088 0.938119
1.206372 0.940536
1.212655 0.942912
1.218938 0.945247
1.225221 0.947541
1.231504 0.949793
1.237788 0.952005
1.244071 0.954174
1.250354 0.956302
1.256637 0.958388
1.262920 0.960431
1.269203 0.962433
1.275487 0.964391
1.281770 0.966307
1.288053 0.968181
1.294336 0.970011
1.300619 0.971798
1.306903 0.973542
1.313186 0.975242
1.319469 0.976899
1.325752 0.978512
1.332035 0.980081
1.338318 0.981606
1.344602 0.983087
1.350885 0.984524
1.357168 0.985917
1.363451 0.987265
1.369734 0.988568
1.376018 0.989827
1.382301 0.991041
1.388584 0.992211
1.394867 0.993335
1.401150 0.994414
1.407434 0.995449
1.413717 0.996438
1.420000 0.997382
1.426283 0.998280
1.432566 0.999134
1.438849 0.999941
1.445133 1.000704
1.451416 1.001421
1.457699 1.002093
1.463982 1.002719
1.470265 1.003299
1.476549 1.003834
1.482832 1.004323
1.489115 1.004767
1.495398 1.005165
1.501681 1.005518
1.507964 1.005825
1.514248 1.006087
1.520531 1.006303
1.526814 1.006474
1.533097 1.006599
1.539380 1.006679
1.545664 1.006714
1.551947 1.006703
1.558230 1.006647
1.564513 1.006546
1.570796 1.006400
1.577080 1.006209
1.583363 1.005972
1.589646 1.005692
1.595929 1.005366
1.602212 1.004996
1.608495 1.004581
1.614779 1.004122
1.621062 1.003619
1.627345 1.003071
1.633628 1.002479
1.639911 1.001844
1.646195 1.001165
1.652478 1.000442
1.658761 0.999676
1.665044 0.998867
1.671327 0.998014
1.677610 0.997119
1.683894 0.996180
1.690177 0.995200
1.696460 0.994176
1.702743 0.993111
1.709026 0.992004
1.715310 0.990855
1.721593 0.989664
1.727876 0.988432
1.734159 0.987158
1.740442 0.985844
1.746726 0.984489
1.753009 0.983094
1.759292 0.981659
1.765575 0.980183
1.771858 0.978668
1.778141 0.977113
1.784425 0.975519
1.790708 0.973886
1.796991 0.972214
1.803274 0.970504
1.809557 0.968755
1.815841 0.966969
1.822124 0.965145
1.828407 0.963283
1.834690 0.961384
1.840973 0.959449
1.847256 0.957477
1.853540 0.955469
1.859823 0.953425
1.866106 0.951345
1.872389 0.949229
1.878672 0.947079
1.884956 0.944894
1.891239 0.942674
1.897522 0.940420
1.903805 0.938133
1.910088 0.935811
1.916372 0.933457
1.922655 0.931069
1.928938 0.928649
1.935221 0.926196
1.941504 0.923711
1.947787 0.921195
1.954071 0.918647
1.960354 0.916067
1.966637 0.913457
1.972920 0.910817
1.979203 0.908146
1.985487 0.905445
1.991770 0.902714
1.998053 0.899954
2.004336 0.897166
2.010619 0.894348
2.016902 0.891502
2.023186 0.888627
2.029469 0.885725
2.035752 0.882795
2.042035 0.879838
2.048318 0.876853
2.054602 0.873842
2.060885 0.870804
2.067168 0.867741
2.073451 0.864651
2.079734 0.861535
2.086018 0.858394
2.092301 0.855228
2.098584 0.852037
2.104867 0.848821
2.111150 0.845581
2.117433 0.842317
2.123717 0.839028
2.130000 0.835716
2.136283 0.832380
2.142566 0.829022
2.148849 0.825640
2.155133 0.822235
2.161416 0.818807
2.167699 0.815357
2.173982 0.811885
2.180265 0.808391
2.186548 0.804875
2.192832 0.801337
2.199115 0.797777
2.205398 0.794196
2.211681 0.790594
2.217964 0.786971
2.224248 0.783327
2.230531 0.779662
2.236814 0.775977
2.243097 0.772271
2.249380 0.768545
2.255664 0.764798
2.261947 0.761031
2.268230 0.757244
2.274513 0.753437
2.280796 0.749610
2.287079 0.745763
2.293363 0.741897
2.299646 0.738011
2.305929 0.734105
2.312212 0.730180
2.318495 0.726235
2.324779 0.722271
2.331062 0.718287
2.337345 0.714283
2.343628 0.710261
2.349911 0.706219
2.356194 0.702157
2.362478 0.698076
2.368761 0.693976
2.375044 0.689856
2.381327 0.685717
2.387610 0.681558
2.393894 0.677380
2.400177 0.673183
2.406460 0.668965
2.412743 0.664728
2.419026 0.660472
2.425310 0.656195
2.431593 0.651899
2.437876 0.647583
2.444159 0.643246
2.450442 0.638890
2.456725 0.634513
2.463009 0.630116
2.469292 0.625699
2.475575 0.621261
2.481858 0.616803
2.488141 0.612324
2.494425 0.607824
2.500708 0.603303
2.506991 0.598761
2.513274 0.594197
2.519557 0.589612
2.525840 0.585006
2.532124 0.580378
2.538407 0.575728
2.544690 0.571056
2.550973 0.566362
2.557256 0.561646
2.563540 0.556907
2.569823 0.552145
2.576106 0.547361
2.582389 0.542553
2.588672 0.537722
2.594956 0.532869
2.601239 0.527991
2.607522 0.523090
2.613805 0.518165
2.620088 0.513216
2.626371 0.508242
2.632655 0.503244
2.638938 0.498222
2.645221 0.493175
2.651504 0.488103
2.657787 0.483005
2.664071 0.477883
2.670354 0.472734
2.676637 0.467561
2.682920 0.462361
2.689203 0.457135
2.695486 0.451883
2.701770 0.446605
2.708053 0.441300
2.714336 0.435969
2.720619 0.430610
2.726902 0.425225
2.733186 0.419812
2.739469 0.414372
2.745752 0.408905
2.752035 0.403410
2.758318 0.397887
2.764602 0.392337
2.770885 0.386758
2.777168 0.381151
2.783451 0.375516
2.789734 0.369853
2.796017 0.364161
2.802301 0.358441
2.808584 0.352692
2.814867 0.346914
2.821150 0.341108
2.827433 0.335272
2.833717 0.329408
2.840000 0.323515
2.846283 0.317592
2.852566 0.311641
2.858849 0.305660
2.865133 0.299650
2.871416 0.293611
2.877699 0.287543
2.883982 0.281445
2.890265 0.275319
2.896548 0.269163
2.902832 0.262978
2.909115 0.256765
2.915398 0.250522
2.921681 0.244250
2.927964 0.237949
2.934248 0.231620
2.940531 0.225261
2.946814 0.218875
2.953097 0.212459
2.959380 0.206016
2.965663 0.199544
2.971947 0.193044
2.978230 0.186516
2.984513 0.179960
2.990796 0.173377
2.997079 0.166766
3.003363 0.160129
3.009646 0.153464
3.015929 0.146773
3.022212 0.140055
3.028495 0.133311
3.034779 0.126541
3.041062 0.119745
3.047345 0.112924
3.053628 0.106078
3.059911 0.099207
3.066194 0.092312
3.072478 0.085393
3.078761 0.078450
3.085044 0.071484
3.091327 0.064495
3.097610 0.057483
3.103894 0.050449
3.110177 0.043393
3.116460 0.036317
3.122743 0.029219
3.129026 0.022101
3.135309 0.014963
3.141593 0.007805
3.147876 0.000629
3.154159 -0.006566
3.160442 -0.013779
3.166725 -0.021009
3.173009 -0.028256
3.179292 -0.035520
3.185575 -0.042799
3.191858 -0.050093
3.198141 -0.057402
3.204425 -0.064725
3.210708 -0.072061
3.216991 -0.079410
3.223274 -0.086771
3.229557 -0.094144
3.235840 -0.101527
3.242124 -0.108921
3.248407 -0.116324
3.254690 -0.123736
3.260973 -0.131156
3.267256 -0.138583
3.273540 -0.146017
3.279823 -0.153458
3.286106 -0.160903
3.292389 -0.168353
3.298672 -0.175807
3.304955 -0.183264
3.311239 -0.190723
3.317522 -0.198184
3.323805 -0.205646
3.330088 -0.213108
3.336371 -0.220569
3.342655 -0.228028
3.348938 -0.235485
3.355221 -0.242939
3.361504 -0.250389
3.367787 -0.257834
3.374071 -0.265274
3.380354 -0.272708
3.386637 -0.280134
3.392920 -0.287552
3.399203 -0.294962
3.405486 -0.302361
3.411770 -0.309751
3.418053 -0.317129
3.424336 -0.324495
3.430619 -0.331848
3.436902 -0.339187
3.443186 -0.346512
3.449469 -0.353821
3.455752 -0.361114
3.462035 -0.368389
3.468318 -0.375647
3.474601 -0.382886
3.480885 -0.390105
3.487168 -0.397304
3.493451 -0.404482
3.499734 -0.411637
3.506017 -0.418770
3.512301 -0.425879
3.518584 -0.432963
3.524867 -0.440022
3.531150 -0.447055
3.537433 -0.454061
3.543717 -0.461039
3.550000 -0.467988
3.556283 -0.474908
3.562566 -0.481798
3.568849 -0.488657
3.575132 -0.495485
3.581416 -0.502280
3.587699 -0.509041
3.593982 -0.515769
3.600265 -0.522462
3.606548 -0.529120
3.612832 -0.535741
3.619115 -0.542326
3.625398 -0.548873
3.631681 -0.555382
3.637964 -0.561852
3.644247 -0.568282
3.650531 -0.574672
3.656814 -0.581020
3.663097 -0.587328
3.669380 -0.593592
3.675663 -0.599814
3.681947 -0.605992
3.688230 -0.612127
3.694513 -0.618216
3.700796 -0.624260
3.707079 -0.630258
3.713363 -0.636209
3.719646 -0.642113
3.725929 -0.647970
3.732212 -0.653779
3.738495 -0.659538
3.744778 -0.665249
3.751062 -0.670910
3.757345 -0.676520
3.763628 -0.682080
3.769911 -0.687589
3.776194 -0.693046
3.782478 -0.698450
3.788761 -0.703803
3.795044 -0.709102
3.801327 -0.714348
3.807610 -0.719541
3.813893 -0.724679
3.820177 -0.729763
3.826460 -0.734792
3.832743 -0.739766
3.839026 -0.744684
3.845309 -0.749547
3.851593 -0.754353
3.857876 -0.759103
3.864159 -0.763796
3.870442 -0.768433
3.876725 -0.773012
3.883009 -0.777533
3.889292 -0.781997
3.895575 -0.786403
3.901858 -0.790751
3.908141 -0.795040
3.914424 -0.799271
3.920708 -0.803443
3.926991 -0.807557
3.933274 -0.811611
3.939557 -0.815607
3.945840 -0.819543
3.952124 -0.823420
3.958407 -0.827237
3.964690 -0.830995
3.970973 -0.834693
3.977256 -0.838332
3.983539 -0.841911
3.989823 -0.845430
3.996106 -0.848889
4.002389 -0.852289
4.008672 -0.855629
4.014955 -0.858909
4.021239 -0.862129
4.027522 -0.865289
4.033805 -0.868390
4.040088 -0.871430
4.046371 -0.874412
4.052655 -0.877333
4.058938 -0.880195
4.065221 -0.882998
4.071504 -0.885741
4.077787 -0.888425
4.084070 -0.891050
4.090354 -0.893616
4.096637 -0.896123
4.102920 -0.898572
4.109203 -0.900961
4.115486 -0.903292
4.121770 -0.905565
4.128053 -0.907780
4.134336 -0.909937
4.140619 -0.912036
4.146902 -0.914077
4.153185 -0.916062
4.159469 -0.917988
4.165752 -0.919858
4.172035 -0.921672
4.178318 -0.923428
4.184601 -0.925129
4.190885 -0.926773
4.197168 -0.928362
4.203451 -0.929895
4.209734 -0.931372
4.216017 -0.932795
4.222301 -0.934163
4.228584 -0.935477
4.234867 -0.936736
4.241150 -0.937941
4.247433 -0.939093
4.253716 -0.940191
4.260000 -0.941237
4.266283 -0.942229
4.272566 -0.943169
4.278849 -0.944058
4.285132 -0.944894
4.291416 -0.945679
4.297699 -0.946412
4.303982 -0.947095
4.310265 -0.947727
4.316548 -0.948309
4.322831 -0.948842
4.329115 -0.949325
4.335398 -0.949758
4.341681 -0.950143
4.347964 -0.950480
4.354247 -0.950768
4.360531 -0.951009
4.366814 -0.951202
4.373097 -0.951348
4.379380 -0.951447
4.385663 -0.951501
4.391947 -0.951508
4.398230 -0.951469
4.404513 -0.951386
4.410796 -0.951257
4.417079 -0.951084
4.423362 -0.950867
4.429646 -0.950607
4.435929 -0.950303
4.442212 -0.949956
4.448495 -0.949566
4.454778 -0.949134
4.461062 -0.948660
4.467345 -0.948145
4.473628 -0.947588
4.479911 -0.946991
4.486194 -0.946354
4.492477 -0.945676
4.498761 -0.944959
4.505044 -0.944203
4.511327 -0.943408
4.517610 -0.942574
4.523893 -0.941703
4.530177 -0.940793
4.536460 -0.939846
4.542743 -0.938863
4.549026 -0.937843
4.555309 -0.936786
4.561593 -0.935694
4.567876 -0.934566
4.574159 -0.933403
4.580442 -0.932206
4.586725 -0.930974
4.593008 -0.929708
4.599292 -0.928408
4.605575 -0.927076
4.611858 -0.925710
4.618141 -0.924312
4.624424 -0.922882
4.630708 -0.921420
4.636991 -0.919927
4.643274 -0.918402
4.649557 -0.916847
4.655840 -0.915261
4.662123 -0.913646
4.668407 -0.912001
4.674690 -0.910327
4.680973 -0.908623
4.687256 -0.906891
4.693539 -0.905131
4.699823 -0.903343
4.706106 -0.901528
4.712389 -0.899685
4.718672 -0.897816
4.724955 -0.895920
4.731239 -0.893997
4.737522 -0.892049
4.743805 -0.890076
4.750088 -0.888077
4.756371 -0.886054
4.762654 -0.884005
4.768938 -0.881933
4.775221 -0.879837
4.781504 -0.877717
4.787787 -0.875574
4.794070 -0.873409
4.800354 -0.871220
4.806637 -0.869009
4.812920 -0.866777
4.819203 -0.864522
4.825486 -0.862246
4.831770 -0.859950
4.838053 -0.857632
4.844336 -0.855294
4.850619 -0.852936
4.856902 -0.850558
4.863185 -0.848160
4.869469 -0.845744
4.875752 -0.843308
4.882035 -0.840853
4.888318 -0.838380
4.894601 -0.835889
4.900885 -0.833380
4.907168 -0.830853
4.913451 -0.828310
4.919734 -0.825749
4.926017 -0.823171
4.932300 -0.820577
4.938584 -0.817967
4.944867 -0.815340
4.951150 -0.812698
4.957433 -0.810041
4.963716 -0.807368
4.970000 -0.804681
4.976283 -0.801978
4.982566 -0.799262
4.988849 -0.796531
4.995132 -0.793786
5.001416 -0.791028
5.007699 -0.788256
5.013982 -0.785471
5.020265 -0.782673
5.026548 -0.779862
5.032831 -0.777038
5.039115 -0.774203
5.045398 -0.771355
5.051681 -0.768496
5.057964 -0.765625
5.064247 -0.762743
5.070531 -0.759849
5.076814 -0.756945
5.083097 -0.754030
5.089380 -0.751104
5.095663 -0.748168
5.101946 -0.745222
5.108230 -0.742266
5.114513 -0.739301
5.120796 -0.736326
5.127079 -0.733342
5.133362 -0.730348
5.139646 -0.727346
5.145929 -0.724335
5.152212 -0.721316
5.158495 -0.718289
5.164778 -0.715253
5.171062 -0.712210
5.177345 -0.709158
5.183628 -0.706100
5.189911 -0.703033
5.196194 -0.699960
5.202477 -0.696880
5.208761 -0.693793
5.215044 -0.690699
5.221327 -0.687599
5.227610 -0.684493
5.233893 -0.681380
5.240177 -0.678261
5.246460 -0.675137
5.252743 -0.672007
5.259026 -0.668872
5.265309 -0.665731
5.271592 -0.662585
5.277876 -0.659434
5.284159 -0.656278
5.290442 -0.653118
5.296725 -0.649953
5.303008 -0.646784
5.309292 -0.643610
5.315575 -0.640433
5.321858 -0.637251
5.328141 -0.634066
5.334424 -0.630876
5.340708 -0.627684
5.346991 -0.624488
5.353274 -0.621289
5.359557 -0.618086
5.365840 -0.614881
5.372123 -0.611673
5.378407 -0.608462
5.384690 -0.605249
5.390973 -0.602033
5.397256 -0.598815
5.403539 -0.595594
5.409823 -0.592372
5.416106 -0.589147
5.422389 -0.585921
5.428672 -0.582693
5.434955 -0.579463
5.441238 -0.576232
5.447522 -0.573000
5.453805 -0.569766
5.460088 -0.566531
5.466371 -0.563295
5.472654 -0.560058
5.478938 -0.556821
5.485221 -0.553582
5.491504 -0.550343
5.497787 -0.547104
5.504070 -0.543864
5.510354 -0.540623
5.516637 -0.537383
5.522920 -0.534143
5.529203 -0.530902
5.535486 -0.527662
5.541769 -0.524421
5.548053 -0.521181
5.554336 -0.517942
5.560619 -0.514703
5.566902 -0.511464
5.573185 -0.508226
5.579469 -0.504989
5.585752 -0.501753
5.592035 -0.498517
5.598318 -0.495283
5.604601 -0.492050
5.610884 -0.488817
5.617168 -0.485586
5.623451 -0.482357
5.629734 -0.479129
5.636017 -0.475902
5.642300 -0.472677
5.648584 -0.469453
5.654867 -0.466231
5.661150 -0.463011
5.667433 -0.459793
5.673716 -0.456577
5.680000 -0.453363
5.686283 -0.450151
5.692566 -0.446941
5.698849 -0.443733
5.705132 -0.440527
5.711415 -0.437324
5.717699 -0.434124
5.723982 -0.430925
5.730265 -0.427730
5.736548 -0.424537
5.742831 -0.421346
5.749115 -0.418159
5.755398 -0.414974
5.761681 -0.411792
5.767964 -0.408613
5.774247 -0.405436
5.780530 -0.402263
5.786814 -0.399093
5.793097 -0.395927
5.799380 -0.392763
5.805663 -0.389603
5.811946 -0.386446
5.818230 -0.383292
5.824513 -0.380142
5.830796 -0.376995
5.837079 -0.373851
5.843362 -0.370712
5.849646 -0.367576
5.855929 -0.364443
5.862212 -0.361314
5.868495 -0.358189
5.874778 -0.355068
5.881061 -0.351951
5.887345 -0.348837
5.893628 -0.345728
5.899911 -0.342622
5.906194 -0.339521
5.912477 -0.336424
5.918761 -0.333330
5.925044 -0.330241
5.931327 -0.327156
5.937610 -0.324075
5.943893 -0.320999
5.950176 -0.317927
5.956460 -0.314859
5.962743 -0.311796
5.969026 -0.308737
5.975309 -0.305682
5.981592 -0.302632
5.987876 -0.299587
5.994159 -0.296546
6.000442 -0.293509
6.006725 -0.290478
6.013008 -0.287451
6.019292 -0.284428
6.025575 -0.281411
6.031858 -0.278398
6.038141 -0.275390
6.044424 -0.272386
6.050707 -0.269388
6.056991 -0.266394
6.063274 -0.263406
6.069557 -0.260422
6.075840 -0.257443
6.082123 -0.254470
6.088407 -0.251501
6.094690 -0.248537
6.100973 -0.245579
6.107256 -0.242625
6.113539 -0.239677
6.119822 -0.236734
6.126106 -0.233796
6.132389 -0.230863
6.138672 -0.227935
6.144955 -0.225013
6.151238 -0.222095
6.157522 -0.219184
6.163805 -0.216277
6.170088 -0.213376
6.176371 -0.210480
6.182654 -0.207589
6.188938 -0.204704
6.195221 -0.201824
6.201504 -0.198950
6.207787 -0.196081
6.214070 -0.193217
6.220353 -0.190359
6.226637 -0.187507
6.232920 -0.184660
6.239203 -0.181819
6.245486 -0.178983
6.251769 -0.176152
6.258053 -0.173327
6.264336 -0.170508
6.270619 -0.167695
6.276902 -0.164887
